tensor([[-0.0106,  0.0151, -0.0125,  ...,  0.0128,  0.0410,  0.0310],
        [ 0.0195,  0.0023, -0.0208,  ...,  0.0080,  0.0203, -0.0169],
        [ 0.0136, -0.0279,  0.0204,  ..., -0.0269,  0.0076,  0.0151],
        ...,
        [ 0.0057, -0.0277, -0.0008,  ..., -0.0229,  0.0217, -0.0267],
        [-0.0057, -0.0261, -0.0306,  ..., -0.0031,  0.0122,  0.0160],
        [ 0.0109,  0.0116,  0.0087,  ...,  0.0187,  0.0154,  0.0033]])
tensor([[-0.0106,  0.0153, -0.0125,  ...,  0.0128,  0.0410,  0.0310],
        [ 0.0195,  0.0023, -0.0209,  ...,  0.0080,  0.0203, -0.0169],
        [ 0.0135, -0.0280,  0.0203,  ..., -0.0269,  0.0073,  0.0151],
        ...,
        [ 0.0057, -0.0278, -0.0008,  ..., -0.0229,  0.0215, -0.0267],
        [-0.0057, -0.0262, -0.0306,  ..., -0.0031,  0.0122,  0.0160],
        [ 0.0109,  0.0115,  0.0088,  ...,  0.0187,  0.0155,  0.0032]])
tensor([[-3.3984e-01, -3.7500e-01,  1.6309e-01,  ...,  5.8203e-01,
          5.6396e-02, -4.6484e-01],
        [-1.9922e-01, -9.1797e-02,  3.0078e-01,  ..., -2.9102e-01,
         -3.5938e-01, -2.2070e-01],
        [-6.7188e-01, -2.2656e-01,  4.0234e-01,  ..., -7.8613e-02,
         -8.5938e-01,  1.9531e-01],
        ...,
        [-2.9688e-01,  2.3682e-02,  7.5684e-02,  ..., -3.3789e-01,
         -1.7395e-03,  1.6699e-01],
        [-1.2305e-01, -3.5352e-01,  1.9688e+00,  ...,  1.5259e-02,
         -2.5000e+00, -8.4766e-01],
        [-1.4941e-01, -2.0312e-01,  8.2520e-02,  ...,  3.3398e-01,
         -1.2598e-01,  7.7148e-02]])
tensor([[-3.3984e-01, -3.7500e-01,  1.6309e-01,  ...,  5.8203e-01,
          5.6396e-02, -4.6484e-01],
        [-1.9922e-01, -9.1797e-02,  3.0078e-01,  ..., -2.9102e-01,
         -3.5938e-01, -2.2070e-01],
        [-6.7188e-01, -2.2656e-01,  4.0234e-01,  ..., -7.8613e-02,
         -8.5938e-01,  1.9531e-01],
        ...,
        [-2.9688e-01,  2.3682e-02,  7.5684e-02,  ..., -3.3789e-01,
         -1.7395e-03,  1.6699e-01],
        [-1.2305e-01, -3.5352e-01,  1.9688e+00,  ...,  1.5259e-02,
         -2.5000e+00, -8.4766e-01],
        [-1.4941e-01, -2.0312e-01,  8.2520e-02,  ...,  3.3398e-01,
         -1.2598e-01,  7.7148e-02]])
